 3.1
  4.5
   8.2
    11.0
     4.3
      4.5
       4.5
        7.1
        4.6
         4.3
          8.8
           7.2
            6.3
             7.6
              6.6
               6.2
                3.6
                 2.9
                  9.2
                   6.1
                    4.4
                     3.5
                      5.6
                       10.0
                       4.0
                        2.3
                         4.9
                          12.4
                           3.1
                            4.0
                             7.1
                              3.8
                               2.2
                                2.1
                                 3.0
                                  3.7
                                   2.3
                                    2.5
                                     3.0
                                      3.6
                                      1.8
                                       2.3
                                        3.8
                                         2.9
                                          2.4
                                           2.2
                                            3.1
                                             3.3
